2039
370.00
180.00
370.00
180.00
370.00
180.00
370.00
180.00
370.00
180.00
370.00
180.00
381.00
182.00
388.00
184.00
396.00
186.00
410.00
190.00
416.00
192.00
430.00
196.00
436.00
198.00
442.00
200.00
445.00
201.00
447.00
202.00
447.00
202.00
447.00
202.00
447.00
202.00
447.00
202.00
447.00
202.00
447.00
202.00
447.00
202.00
447.00
202.00
447.00
202.00
447.00
202.00
447.00
202.00
447.00
202.00
447.00
202.00
447.00
202.00
447.00
202.00
447.00
202.00
448.00
202.00
448.00
202.00
449.00
202.00
451.00
202.00
453.00
203.00
456.00
203.00
457.00
203.00
459.00
203.00
461.00
203.00
462.00
202.00
463.00
201.00
464.00
201.00
466.00
199.00
467.00
198.00
468.00
197.00
469.00
196.00
470.00
195.00
472.00
192.00
473.00
191.00
475.00
190.00
477.00
187.00
477.00
185.00
478.00
184.00
478.00
182.00
478.00
181.00
478.00
179.00
478.00
178.00
478.00
176.00
478.00
175.00
478.00
174.00
478.00
172.00
478.00
170.00
478.00
169.00
477.00
166.00
476.00
165.00
476.00
164.00
475.00
163.00
474.00
163.00
474.00
163.00
474.00
162.00
474.00
162.00
474.00
162.00
474.00
162.00
474.00
162.00
474.00
162.00
474.00
162.00
474.00
162.00
474.00
162.00
474.00
162.00
474.00
162.00
474.00
162.00
474.00
162.00
474.00
162.00
474.00
162.00
474.00
162.00
474.00
162.00
474.00
162.00
474.00
162.00
474.00
162.00
474.00
162.00
474.00
162.00
180.00
80.00
180.00
80.00
180.00
80.00
180.00
79.00
180.00
78.00
176.00
76.00
172.00
74.00
168.00
72.00
160.00
69.00
157.00
68.00
151.00
67.00
149.00
67.00
146.00
67.00
143.00
67.00
141.00
67.00
139.00
68.00
135.00
71.00
133.00
72.00
131.00
75.00
129.00
76.00
128.00
78.00
126.00
81.00
125.00
82.00
124.00
83.00
124.00
85.00
124.00
87.00
124.00
89.00
124.00
91.00
125.00
93.00
126.00
94.00
128.00
98.00
130.00
100.00
131.00
101.00
133.00
104.00
135.00
106.00
137.00
108.00
138.00
109.00
141.00
112.00
143.00
114.00
144.00
115.00
150.00
119.00
152.00
120.00
155.00
123.00
158.00
125.00
159.00
126.00
163.00
129.00
166.00
131.00
168.00
132.00
174.00
135.00
176.00
137.00
180.00
140.00
182.00
141.00
183.00
143.00
186.00
148.00
188.00
151.00
190.00
155.00
193.00
163.00
195.00
166.00
196.00
169.00
199.00
176.00
201.00
180.00
201.00
186.00
201.00
187.00
201.00
189.00
201.00
191.00
201.00
193.00
201.00
193.00
199.00
196.00
197.00
197.00
196.00
199.00
193.00
201.00
192.00
202.00
190.00
202.00
186.00
204.00
184.00
204.00
178.00
206.00
175.00
207.00
173.00
207.00
171.00
207.00
168.00
208.00
167.00
208.00
166.00
209.00
161.00
209.00
160.00
209.00
157.00
209.00
155.00
209.00
152.00
209.00
147.00
209.00
146.00
208.00
145.00
208.00
142.00
207.00
141.00
207.00
140.00
206.00
137.00
206.00
136.00
205.00
135.00
205.00
134.00
205.00
134.00
204.00
133.00
204.00
131.00
203.00
130.00
202.00
129.00
201.00
127.00
199.00
126.00
198.00
125.00
198.00
124.00
197.00
124.00
196.00
124.00
196.00
124.00
196.00
124.00
196.00
123.00
195.00
123.00
195.00
123.00
194.00
123.00
192.00
123.00
192.00
123.00
191.00
123.00
189.00
123.00
187.00
123.00
185.00
123.00
184.00
123.00
182.00
123.00
181.00
123.00
179.00
123.00
178.00
123.00
178.00
123.00
178.00
123.00
177.00
123.00
177.00
123.00
177.00
123.00
177.00
123.00
177.00
123.00
177.00
123.00
177.00
123.00
177.00
123.00
177.00
123.00
177.00
123.00
177.00
123.00
177.00
123.00
177.00
123.00
177.00
123.00
177.00
226.00
155.00
226.00
155.00
226.00
155.00
226.00
155.00
226.00
155.00
226.00
155.00
226.00
155.00
227.00
156.00
227.00
157.00
228.00
161.00
228.00
164.00
230.00
170.00
231.00
175.00
232.00
178.00
234.00
183.00
234.00
185.00
234.00
188.00
235.00
189.00
236.00
193.00
236.00
194.00
236.00
196.00
237.00
198.00
237.00
200.00
237.00
202.00
237.00
203.00
238.00
205.00
238.00
206.00
238.00
206.00
238.00
207.00
238.00
209.00
238.00
210.00
238.00
211.00
239.00
212.00
239.00
212.00
239.00
213.00
239.00
213.00
239.00
213.00
239.00
213.00
239.00
213.00
239.00
213.00
239.00
213.00
239.00
213.00
239.00
213.00
239.00
213.00
239.00
213.00
241.00
211.00
244.00
206.00
246.00
202.00
248.00
199.00
253.00
191.00
255.00
187.00
257.00
184.00
260.00
180.00
261.00
178.00
262.00
176.00
263.00
175.00
264.00
172.00
265.00
171.00
266.00
169.00
267.00
168.00
267.00
166.00
268.00
164.00
269.00
164.00
269.00
163.00
270.00
163.00
270.00
163.00
270.00
163.00
270.00
163.00
270.00
163.00
270.00
163.00
270.00
163.00
270.00
163.00
270.00
163.00
270.00
163.00
270.00
163.00
270.00
163.00
271.00
163.00
271.00
164.00
272.00
166.00
274.00
171.00
275.00
174.00
277.00
177.00
281.00
186.00
282.00
190.00
283.00
194.00
285.00
204.00
287.00
209.00
288.00
211.00
291.00
217.00
291.00
218.00
293.00
221.00
294.00
222.00
294.00
222.00
294.00
222.00
294.00
222.00
294.00
222.00
294.00
222.00
294.00
222.00
294.00
222.00
294.00
222.00
294.00
222.00
294.00
222.00
294.00
222.00
294.00
222.00
294.00
222.00
295.00
221.00
298.00
214.00
300.00
211.00
302.00
207.00
306.00
196.00
308.00
192.00
310.00
187.00
314.00
178.00
315.00
175.00
318.00
169.00
318.00
167.00
321.00
164.00
321.00
162.00
322.00
161.00
323.00
160.00
323.00
160.00
323.00
160.00
323.00
160.00
323.00
160.00
323.00
160.00
323.00
160.00
323.00
160.00
323.00
160.00
323.00
160.00
323.00
160.00
323.00
160.00
323.00
160.00
323.00
160.00
323.00
160.00
323.00
160.00
323.00
160.00
323.00
160.00
323.00
160.00
323.00
160.00
352.00
102.00
352.00
102.00
352.00
102.00
352.00
102.00
352.00
102.00
352.00
102.00
352.00
102.00
353.00
102.00
353.00
103.00
354.00
105.00
354.00
107.00
355.00
108.00
356.00
111.00
357.00
112.00
358.00
113.00
359.00
116.00
360.00
117.00
360.00
120.00
355.00
161.00
355.00
161.00
355.00
161.00
355.00
161.00
355.00
161.00
355.00
161.00
354.00
164.00
354.00
166.00
352.00
170.00
352.00
172.00
352.00
174.00
351.00
177.00
351.00
181.00
351.00
183.00
351.00
186.00
350.00
192.00
350.00
195.00
350.00
197.00
350.00
202.00
350.00
204.00
350.00
206.00
350.00
208.00
350.00
209.00
350.00
212.00
350.00
212.00
350.00
213.00
350.00
213.00
350.00
213.00
350.00
213.00
350.00
213.00
350.00
213.00
350.00
213.00
350.00
213.00
350.00
213.00
350.00
213.00
350.00
213.00
350.00
213.00
350.00
213.00
350.00
213.00
369.00
172.00
369.00
172.00
369.00
172.00
369.00
172.00
369.00
172.00
370.00
173.00
372.00
174.00
375.00
176.00
376.00
178.00
378.00
179.00
380.00
182.00
381.00
183.00
382.00
185.00
384.00
189.00
385.00
191.00
386.00
196.00
386.00
198.00
387.00
200.00
387.00
203.00
387.00
204.00
387.00
207.00
387.00
208.00
386.00
209.00
384.00
212.00
384.00
213.00
383.00
215.00
383.00
215.00
383.00
215.00
383.00
215.00
383.00
215.00
383.00
215.00
383.00
215.00
383.00
215.00
383.00
215.00
383.00
215.00
384.00
212.00
385.00
209.00
387.00
204.00
393.00
196.00
395.00
192.00
402.00
183.00
404.00
181.00
407.00
179.00
409.00
177.00
410.00
176.00
412.00
175.00
413.00
174.00
414.00
173.00
417.00
173.00
418.00
173.00
419.00
173.00
422.00
173.00
423.00
173.00
426.00
175.00
428.00
177.00
430.00
179.00
432.00
181.00
433.00
182.00
436.00
185.00
438.00
187.00
439.00
188.00
440.00
191.00
440.00
192.00
441.00
193.00
441.00
196.00
441.00
197.00
441.00
200.00
441.00
201.00
441.00
202.00
441.00
205.00
441.00
206.00
441.00
207.00
441.00
207.00
441.00
207.00
441.00
207.00
441.00
207.00
441.00
207.00
441.00
207.00
441.00
207.00
441.00
207.00
441.00
207.00
441.00
207.00
441.00
207.00
441.00
207.00
441.00
207.00
441.00
207.00
441.00
207.00
441.00
207.00
265.00
270.00
265.00
270.00
265.00
270.00
265.00
270.00
265.00
270.00
263.00
269.00
259.00
269.00
255.00
269.00
251.00
269.00
240.00
269.00
234.00
269.00
225.00
272.00
220.00
274.00
215.00
276.00
211.00
277.00
205.00
281.00
203.00
282.00
200.00
284.00
198.00
286.00
196.00
288.00
195.00
289.00
192.00
294.00
190.00
296.00
187.00
302.00
185.00
306.00
185.00
309.00
182.00
319.00
181.00
323.00
181.00
333.00
181.00
335.00
181.00
338.00
184.00
344.00
185.00
346.00
187.00
349.00
190.00
355.00
193.00
359.00
198.00
366.00
200.00
368.00
203.00
370.00
206.00
374.00
208.00
376.00
209.00
377.00
213.00
380.00
215.00
381.00
217.00
382.00
220.00
384.00
223.00
384.00
224.00
385.00
228.00
385.00
229.00
385.00
230.00
385.00
233.00
385.00
234.00
385.00
236.00
385.00
238.00
384.00
240.00
383.00
243.00
383.00
245.00
382.00
246.00
381.00
250.00
379.00
252.00
378.00
255.00
375.00
256.00
373.00
257.00
372.00
260.00
369.00
262.00
368.00
263.00
366.00
266.00
363.00
267.00
362.00
268.00
361.00
270.00
358.00
272.00
356.00
274.00
354.00
274.00
352.00
274.00
351.00
274.00
350.00
274.00
350.00
274.00
350.00
274.00
350.00
274.00
349.00
274.00
348.00
274.00
347.00
272.00
346.00
271.00
346.00
269.00
345.00
268.00
344.00
267.00
344.00
266.00
344.00
264.00
343.00
263.00
342.00
262.00
342.00
259.00
341.00
258.00
340.00
256.00
340.00
255.00
340.00
253.00
339.00
251.00
339.00
249.00
339.00
248.00
339.00
245.00
339.00
244.00
339.00
243.00
339.00
240.00
339.00
239.00
339.00
236.00
339.00
234.00
339.00
233.00
340.00
229.00
340.00
228.00
340.00
227.00
340.00
224.00
341.00
223.00
341.00
222.00
341.00
219.00
342.00
219.00
342.00
219.00
342.00
219.00
342.00
219.00
342.00
219.00
342.00
219.00
342.00
219.00
342.00
219.00
342.00
219.00
342.00
219.00
342.00
219.00
342.00
219.00
342.00
219.00
342.00
219.00
342.00
219.00
342.00
221.00
342.00
223.00
342.00
227.00
342.00
230.00
342.00
234.00
341.00
239.00
340.00
242.00
340.00
244.00
340.00
245.00
340.00
248.00
340.00
249.00
340.00
250.00
340.00
251.00
340.00
252.00
340.00
253.00
340.00
256.00
340.00
257.00
340.00
258.00
340.00
259.00
340.00
260.00
340.00
262.00
340.00
263.00
340.00
263.00
340.00
266.00
340.00
267.00
340.00
267.00
340.00
269.00
340.00
270.00
340.00
271.00
340.00
273.00
340.00
273.00
340.00
273.00
340.00
273.00
340.00
273.00
340.00
274.00
340.00
274.00
340.00
274.00
340.00
274.00
340.00
274.00
340.00
274.00
340.00
274.00
340.00
274.00
340.00
274.00
340.00
274.00
340.00
274.00
340.00
274.00
340.00
274.00
340.00
274.00
340.00
274.00
340.00
274.00
340.00
274.00
340.00
274.00
340.00
274.00
340.00
275.00
340.00
275.00
340.00
276.00
340.00
276.00
340.00
277.00
340.00
277.00
340.00
277.00
340.00
277.00
340.00
277.00
340.00
277.00
340.00
277.00
340.00
277.00
340.00
278.00
341.00
278.00
343.00
278.00
345.00
278.00
346.00
278.00
349.00
278.00
350.00
279.00
353.00
279.00
354.00
280.00
357.00
280.00
358.00
280.00
359.00
281.00
362.00
281.00
362.00
282.00
364.00
283.00
366.00
284.00
368.00
286.00
371.00
287.00
372.00
288.00
373.00
290.00
375.00
291.00
377.00
291.00
378.00
293.00
381.00
293.00
382.00
294.00
383.00
295.00
385.00
295.00
386.00
296.00
388.00
296.00
390.00
297.00
391.00
297.00
393.00
297.00
394.00
297.00
395.00
297.00
398.00
297.00
399.00
297.00
400.00
297.00
402.00
297.00
403.00
297.00
404.00
297.00
404.00
297.00
405.00
297.00
406.00
297.00
407.00
296.00
408.00
296.00
408.00
296.00
409.00
296.00
409.00
296.00
409.00
296.00
409.00
296.00
409.00
296.00
409.00
296.00
409.00
296.00
409.00
296.00
409.00
296.00
409.00
296.00
409.00
296.00
409.00
296.00
409.00
295.00
406.00
295.00
404.00
295.00
403.00
362.00
397.00
362.00
397.00
362.00
397.00
362.00
397.00
362.00
397.00
362.00
397.00
362.00
397.00
362.00
397.00
362.00
397.00
363.00
397.00
363.00
397.00
366.00
395.00
366.00
393.00
367.00
392.00
369.00
387.00
371.00
384.00
372.00
380.00
375.00
376.00
376.00
373.00
376.00
370.00
376.00
366.00
376.00
364.00
375.00
361.00
374.00
360.00
374.00
359.00
372.00
357.00
371.00
356.00
369.00
355.00
366.00
352.00
365.00
350.00
363.00
349.00
360.00
347.00
358.00
345.00
357.00
344.00
353.00
342.00
352.00
341.00
349.00
339.00
348.00
339.00
347.00
338.00
344.00
338.00
343.00
338.00
342.00
338.00
341.00
338.00
340.00
338.00
338.00
339.00
336.00
342.00
334.00
343.00
331.00
346.00
330.00
348.00
328.00
349.00
327.00
350.00
324.00
353.00
323.00
355.00
320.00
358.00
319.00
359.00
318.00
360.00
315.00
363.00
314.00
365.00
312.00
368.00
312.00
370.00
311.00
371.00
311.00
373.00
311.00
375.00
311.00
376.00
313.00
380.00
314.00
381.00
315.00
382.00
318.00
386.00
319.00
387.00
322.00
390.00
323.00
393.00
324.00
395.00
325.00
398.00
326.00
399.00
327.00
400.00
328.00
402.00
329.00
403.00
330.00
404.00
332.00
405.00
332.00
406.00
334.00
406.00
335.00
407.00
335.00
407.00
335.00
407.00
335.00
407.00
336.00
407.00
337.00
407.00
340.00
408.00
341.00
408.00
342.00
408.00
346.00
408.00
348.00
408.00
351.00
408.00
354.00
407.00
355.00
407.00
358.00
405.00
359.00
405.00
360.00
404.00
360.00
403.00
360.00
403.00
361.00
401.00
362.00
400.00
364.00
398.00
365.00
396.00
365.00
396.00
367.00
395.00
368.00
393.00
369.00
392.00
369.00
390.00
370.00
389.00
370.00
388.00
372.00
386.00
372.00
386.00
373.00
384.00
373.00
383.00
373.00
382.00
373.00
380.00
374.00
380.00
374.00
379.00
374.00
378.00
374.00
378.00
374.00
377.00
374.00
376.00
374.00
376.00
374.00
375.00
374.00
375.00
373.00
374.00
373.00
374.00
373.00
374.00
373.00
374.00
373.00
374.00
373.00
374.00
373.00
374.00
373.00
374.00
373.00
374.00
373.00
374.00
373.00
374.00
373.00
374.00
373.00
374.00
373.00
374.00
373.00
374.00
373.00
374.00
373.00
374.00
373.00
374.00
373.00
374.00
374.00
375.00
375.00
377.00
377.00
380.00
379.00
382.00
380.00
384.00
383.00
387.00
384.00
388.00
386.00
389.00
388.00
392.00
388.00
392.00
389.00
393.00
389.00
393.00
391.00
395.00
393.00
395.00
395.00
397.00
396.00
398.00
398.00
399.00
400.00
400.00
401.00
401.00
402.00
401.00
404.00
403.00
405.00
403.00
406.00
403.00
406.00
404.00
408.00
405.00
409.00
406.00
411.00
406.00
415.00
409.00
416.00
410.00
420.00
412.00
422.00
413.00
423.00
414.00
426.00
414.00
426.00
414.00
428.00
415.00
430.00
416.00
432.00
417.00
433.00
417.00
434.00
417.00
435.00
418.00
435.00
418.00
436.00
418.00
436.00
418.00
436.00
418.00
436.00
418.00
436.00
418.00
436.00
418.00
436.00
418.00
436.00
418.00
436.00
418.00
436.00
418.00
434.00
413.00
431.00
408.00
430.00
400.00
431.00
398.00
434.00
396.00
450.00
362.00
450.00
362.00
450.00
362.00
450.00
362.00
450.00
362.00
450.00
362.00
450.00
362.00
450.00
362.00
450.00
362.00
450.00
362.00
450.00
362.00
450.00
362.00
450.00
362.00
450.00
361.00
452.00
358.00
453.00
357.00
455.00
354.00
457.00
351.00
459.00
350.00
460.00
349.00
461.00
347.00
463.00
346.00
463.00
346.00
463.00
346.00
463.00
346.00
463.00
346.00
463.00
346.00
463.00
346.00
463.00
346.00
464.00
346.00
467.00
349.00
468.00
351.00
470.00
354.00
473.00
362.00
475.00
368.00
477.00
373.00
480.00
383.00
480.00
386.00
480.00
392.00
480.00
395.00
480.00
398.00
481.00
401.00
481.00
402.00
482.00
405.00
482.00
408.00
482.00
410.00
482.00
412.00
482.00
415.00
483.00
416.00
483.00
418.00
483.00
420.00
484.00
422.00
485.00
425.00
486.00
427.00
487.00
427.00
487.00
428.00
487.00
428.00
487.00
428.00
487.00
428.00
487.00
428.00
487.00
428.00
487.00
428.00
485.00
422.00
483.00
418.00
481.00
412.00
477.00
402.00
477.00
396.00
477.00
392.00
478.00
385.00
478.00
382.00
480.00
379.00
481.00
375.00
483.00
373.00
484.00
371.00
487.00
368.00
487.00
366.00
489.00
365.00
492.00
361.00
493.00
360.00
494.00
357.00
497.00
354.00
499.00
352.00
500.00
351.00
503.00
348.00
504.00
347.00
506.00
346.00
508.00
345.00
508.00
345.00
508.00
345.00
508.00
345.00
508.00
345.00
508.00
345.00
508.00
345.00
508.00
345.00
508.00
345.00
510.00
346.00
512.00
349.00
514.00
352.00
515.00
354.00
517.00
357.00
520.00
363.00
521.00
364.00
522.00
366.00
523.00
370.00
523.00
371.00
523.00
374.00
523.00
376.00
523.00
378.00
523.00
380.00
523.00
382.00
523.00
387.00
523.00
389.00
523.00
392.00
523.00
394.00
523.00
395.00
523.00
398.00
523.00
400.00
523.00
401.00
524.00
404.00
525.00
404.00
525.00
404.00
525.00
404.00
525.00
404.00
525.00
404.00
525.00
404.00
525.00
404.00
525.00
404.00
525.00
404.00
525.00
404.00
525.00
404.00
525.00
403.00
525.00
401.00
524.00
394.00
522.00
389.00
522.00
386.00
521.00
378.00
521.00
375.00
521.00
372.00
522.00
365.00
523.00
363.00
524.00
358.00
526.00
356.00
527.00
353.00
530.00
348.00
532.00
347.00
533.00
344.00
537.00
341.00
538.00
339.00
541.00
338.00
543.00
336.00
545.00
335.00
547.00
334.00
549.00
334.00
550.00
334.00
551.00
334.00
552.00
334.00
552.00
334.00
556.00
335.00
557.00
337.00
561.00
340.00
562.00
341.00
564.00
342.00
567.00
347.00
569.00
349.00
570.00
351.00
572.00
357.00
572.00
360.00
572.00
364.00
572.00
371.00
572.00
374.00
572.00
376.00
571.00
380.00
571.00
381.00
571.00
384.00
569.00
387.00
569.00
389.00
568.00
391.00
568.00
394.00
567.00
396.00
567.00
397.00
567.00
399.00
567.00
401.00
567.00
402.00
567.00
405.00
567.00
406.00
568.00
409.00
568.00
409.00
569.00
410.00
570.00
410.00
571.00
411.00
571.00
411.00
572.00
411.00
572.00
411.00
572.00
411.00
572.00
411.00
572.00
411.00
572.00
411.00
572.00
411.00
572.00
411.00
572.00
411.00
573.00
411.00
573.00
411.00
576.00
410.00
577.00
409.00
579.00
408.00
582.00
407.00
583.00
406.00
584.00
406.00
585.00
404.00
586.00
404.00
587.00
404.00
588.00
402.00
590.00
401.00
591.00
400.00
591.00
400.00
591.00
399.00
591.00
399.00
592.00
399.00
592.00
399.00
592.00
399.00
592.00
399.00
592.00
399.00
592.00
399.00
592.00
399.00
592.00
399.00
592.00
399.00
592.00
399.00
592.00
399.00
592.00
399.00
592.00
399.00
592.00
398.00
592.00
393.00
612.00
369.00
612.00
369.00
612.00
369.00
612.00
369.00
612.00
369.00
612.00
369.00
612.00
369.00
612.00
369.00
614.00
370.00
618.00
370.00
622.00
370.00
632.00
370.00
637.00
370.00
647.00
369.00
650.00
369.00
653.00
369.00
658.00
368.00
660.00
368.00
662.00
367.00
664.00
367.00
665.00
367.00
667.00
367.00
669.00
367.00
670.00
367.00
673.00
366.00
675.00
365.00
676.00
365.00
680.00
363.00
682.00
362.00
684.00
362.00
687.00
360.00
688.00
360.00
690.00
359.00
691.00
358.00
691.00
357.00
692.00
356.00
692.00
356.00
692.00
354.00
693.00
353.00
693.00
352.00
693.00
349.00
693.00
348.00
693.00
347.00
693.00
343.00
693.00
342.00
693.00
341.00
693.00
338.00
693.00
337.00
693.00
336.00
692.00
333.00
691.00
332.00
690.00
331.00
689.00
330.00
688.00
329.00
688.00
329.00
687.00
328.00
686.00
328.00
684.00
327.00
683.00
326.00
681.00
326.00
680.00
326.00
678.00
326.00
675.00
325.00
674.00
325.00
672.00
325.00
669.00
324.00
666.00
324.00
665.00
323.00
662.00
323.00
661.00
323.00
659.00
323.00
657.00
323.00
656.00
323.00
654.00
323.00
652.00
323.00
651.00
323.00
649.00
323.00
646.00
323.00
644.00
324.00
642.00
325.00
640.00
325.00
639.00
326.00
639.00
326.00
637.00
327.00
636.00
329.00
635.00
329.00
634.00
330.00
632.00
333.00
630.00
334.00
627.00
337.00
626.00
338.00
623.00
341.00
622.00
343.00
620.00
344.00
618.00
347.00
618.00
348.00
616.00
350.00
615.00
352.00
614.00
354.00
612.00
356.00
611.00
357.00
610.00
360.00
609.00
361.00
609.00
363.00
606.00
365.00
606.00
367.00
605.00
368.00
604.00
371.00
603.00
372.00
602.00
375.00
602.00
376.00
601.00
378.00
600.00
379.00
600.00
380.00
600.00
382.00
600.00
382.00
600.00
384.00
600.00
384.00
600.00
385.00
600.00
386.00
600.00
387.00
600.00
388.00
600.00
389.00
600.00
390.00
601.00
391.00
601.00
392.00
602.00
394.00
602.00
396.00
602.00
396.00
603.00
396.00
604.00
397.00
604.00
398.00
604.00
399.00
605.00
400.00
607.00
401.00
607.00
402.00
608.00
403.00
609.00
403.00
610.00
404.00
611.00
404.00
611.00
405.00
612.00
406.00
612.00
406.00
613.00
407.00
614.00
407.00
614.00
408.00
615.00
408.00
615.00
408.00
616.00
409.00
616.00
410.00
618.00
411.00
620.00
411.00
621.00
412.00
623.00
413.00
624.00
413.00
626.00
414.00
627.00
415.00
628.00
415.00
631.00
415.00
632.00
415.00
633.00
416.00
635.00
417.00
636.00
417.00
637.00
417.00
638.00
418.00
639.00
418.00
641.00
418.00
642.00
418.00
643.00
418.00
645.00
418.00
645.00
418.00
646.00
418.00
646.00
418.00
647.00
418.00
648.00
418.00
649.00
418.00
651.00
418.00
652.00
418.00
652.00
418.00
655.00
418.00
655.00
418.00
657.00
418.00
658.00
418.00
658.00
418.00
659.00
418.00
660.00
418.00
661.00
418.00
662.00
418.00
663.00
418.00
665.00
418.00
665.00
418.00
667.00
418.00
667.00
418.00
668.00
418.00
668.00
418.00
671.00
418.00
672.00
418.00
673.00
418.00
674.00
418.00
675.00
418.00
675.00
418.00
677.00
418.00
678.00
417.00
678.00
417.00
680.00
416.00
681.00
416.00
682.00
416.00
684.00
416.00
684.00
416.00
684.00
416.00
685.00
415.00
685.00
415.00
685.00
415.00
685.00
415.00
685.00
415.00
686.00
415.00
687.00
414.00
689.00
413.00
689.00
413.00
690.00
413.00
691.00
412.00
692.00
412.00
692.00
412.00
692.00
412.00
692.00
412.00
692.00
411.00
692.00
411.00
693.00
410.00
693.00
410.00
693.00
410.00
693.00
410.00
693.00
410.00
693.00
410.00
693.00
410.00
693.00
410.00
693.00
410.00
693.00
410.00
693.00
410.00
693.00
410.00
693.00
410.00
693.00
409.00
693.00
409.00
693.00
409.00
693.00
409.00
693.00
409.00
693.00
409.00
693.00
408.00
693.00
408.00
693.00
408.00
693.00
408.00
693.00
407.00
693.00
407.00
693.00
407.00
693.00
407.00
693.00
407.00
693.00
407.00
693.00
407.00
693.00
406.00
693.00
406.00
693.00
406.00
693.00
406.00
693.00
406.00
693.00
406.00
693.00
406.00
693.00
406.00
693.00
406.00
693.00
406.00
693.00
406.00
693.00
406.00
693.00
406.00
693.00
406.00
693.00
406.00
693.00
406.00
693.00
406.00
693.00
406.00
693.00
406.00
693.00
406.00
693.00
406.00
693.00
406.00
693.00
406.00
693.00
406.00
693.00
406.00
693.00
406.00
693.00
406.00
696.00
406.00
730.00
418.00
730.00
418.00
730.00
418.00
730.00
418.00
730.00
418.00
730.00
418.00
730.00
418.00
730.00
418.00
730.00
420.00
730.00
421.00
730.00
421.00
730.00
422.00
730.00
422.00
730.00
423.00
730.00
423.00
730.00
424.00
730.00
425.00
730.00
426.00
730.00
426.00
730.00
426.00
730.00
426.00
730.00
426.00
730.00
426.00
730.00
426.00
730.00
426.00
730.00
426.00
730.00
426.00
728.00
424.00
726.00
423.00
725.00
420.00
724.00
418.00
724.00
418.00
724.00
417.00
724.00
416.00
724.00
415.00
724.00
415.00
724.00
415.00
724.00
415.00
724.00
415.00
724.00
415.00
724.00
415.00
724.00
415.00
724.00
415.00
724.00
415.00
724.00
415.00
724.00
415.00
724.00
415.00
724.00
416.00
725.00
417.00
726.00
418.00
727.00
420.00
727.00
420.00
727.00
420.00
727.00
420.00
727.00
420.00
727.00
420.00
727.00
420.00
727.00
420.00
728.00
420.00
728.00
420.00
728.00
420.00
728.00
420.00
728.00
420.00
728.00
420.00
728.00
420.00
728.00
420.00
728.00
419.00
728.00
418.00
728.00
418.00
728.00
418.00
728.00
418.00
728.00
418.00
728.00
418.00
728.00
418.00
728.00
418.00
728.00
418.00
728.00
418.00
728.00
418.00
728.00
418.00
728.00
418.00
728.00
418.00
728.00
418.00
728.00
418.00
728.00
418.00
728.00
418.00
728.00
418.00
728.00
418.00
728.00
418.00
728.00
418.00
728.00
418.00
728.00
417.00
728.00
415.00
722.00
394.00
722.00
394.00
721.00
394.00
721.00
394.00
721.00
394.00
721.00
394.00
721.00
394.00
721.00
394.00
721.00
394.00
721.00
394.00
721.00
394.00
721.00
394.00
721.00
394.00
721.00
394.00
722.00
394.00
722.00
393.00
722.00
391.00
722.00
390.00
722.00
389.00
722.00
387.00
723.00
387.00
723.00
387.00
723.00
386.00
723.00
386.00
723.00
385.00
724.00
385.00
724.00
384.00
724.00
384.00
724.00
384.00
724.00
383.00
724.00
383.00
724.00
382.00
725.00
381.00
725.00
380.00
725.00
379.00
726.00
377.00
726.00
375.00
727.00
374.00
727.00
372.00
727.00
371.00
728.00
370.00
728.00
369.00
728.00
369.00
728.00
368.00
728.00
368.00
729.00
366.00
729.00
366.00
729.00
365.00
730.00
363.00
730.00
362.00
731.00
360.00
731.00
359.00
732.00
357.00
732.00
356.00
733.00
355.00
733.00
353.00
733.00
352.00
734.00
351.00
734.00
349.00
735.00
348.00
736.00
345.00
737.00
344.00
738.00
342.00
740.00
340.00
741.00
338.00
743.00
335.00
743.00
335.00
744.00
334.00
745.00
332.00
746.00
331.00
746.00
329.00
747.00
327.00
748.00
326.00
749.00
323.00
749.00
322.00
750.00
321.00
750.00
319.00
751.00
318.00
752.00
317.00
752.00
316.00
752.00
316.00
752.00
315.00
752.00
315.00
753.00
315.00
753.00
314.00
753.00
313.00
753.00
313.00
753.00
313.00
753.00
313.00
754.00
313.00
754.00
313.00
754.00
313.00
754.00
313.00
754.00
313.00
754.00
313.00
754.00
313.00
754.00
313.00
754.00
313.00
754.00
313.00
754.00
313.00
754.00
313.00
754.00
313.00
754.00
313.00
754.00
313.00
754.00
313.00
754.00
313.00
754.00
313.00
755.00
313.00
756.00
313.00
756.00
314.00
757.00
316.00
759.00
318.00
759.00
318.00
761.00
320.00
761.00
321.00
761.00
321.00
762.00
321.00
762.00
322.00
762.00
322.00
762.00
323.00
763.00
324.00
764.00
327.00
764.00
327.00
764.00
328.00
765.00
330.00
765.00
331.00
765.00
333.00
765.00
333.00
765.00
334.00
765.00
336.00
765.00
338.00
765.00
339.00
764.00
341.00
764.00
341.00
763.00
343.00
762.00
344.00
761.00
346.00
760.00
348.00
759.00
350.00
758.00
352.00
758.00
352.00
758.00
353.00
756.00
355.00
756.00
355.00
755.00
356.00
754.00
358.00
753.00
359.00
753.00
360.00
752.00
362.00
751.00
363.00
750.00
363.00
749.00
365.00
749.00
366.00
747.00
367.00
747.00
369.00
746.00
370.00
745.00
373.00
744.00
374.00
743.00
375.00
742.00
377.00
742.00
377.00
740.00
379.00
740.00
379.00
739.00
380.00
739.00
381.00
739.00
381.00
737.00
383.00
736.00
385.00
736.00
385.00
734.00
386.00
734.00
387.00
733.00
388.00
732.00
389.00
732.00
389.00
731.00
390.00
730.00
391.00
730.00
392.00
730.00
392.00
729.00
393.00
728.00
394.00
728.00
394.00
728.00
395.00
727.00
395.00
727.00
396.00
727.00
396.00
727.00
396.00
727.00
396.00
727.00
396.00
727.00
396.00
727.00
396.00
727.00
396.00
727.00
396.00
727.00
396.00
727.00
396.00
727.00
396.00
727.00
396.00
727.00
396.00
727.00
396.00
727.00
396.00
727.00
396.00
727.00
396.00
727.00
396.00
727.00
396.00
727.00
396.00
727.00
396.00
727.00
396.00
727.00
396.00
727.00
396.00
727.00
396.00
729.00
393.00
729.00
391.00
730.00
390.00
732.00
387.00
733.00
386.00
733.00
384.00
733.00
383.00
733.00
383.00
733.00
383.00
734.00
383.00
734.00
383.00
734.00
383.00
734.00
383.00
734.00
383.00
734.00
383.00
734.00
383.00
734.00
383.00
734.00
383.00
734.00
382.00
735.00
381.00
735.00
381.00
735.00
380.00
735.00
379.00
736.00
377.00
736.00
375.00
736.00
373.00
736.00
373.00
736.00
371.00
736.00
370.00
737.00
369.00
737.00
368.00
737.00
367.00
737.00
366.00
738.00
365.00
738.00
364.00
739.00
363.00
740.00
362.00
740.00
361.00
740.00
360.00
741.00
359.00
741.00
358.00
742.00
356.00
742.00
356.00
743.00
355.00
743.00
353.00
744.00
353.00
745.00
351.00
745.00
350.00
746.00
350.00
747.00
348.00
747.00
347.00
747.00
347.00
749.00
346.00
750.00
345.00
750.00
344.00
752.00
342.00
753.00
341.00
755.00
339.00
755.00
337.00
755.00
337.00
757.00
335.00
757.00
334.00
758.00
333.00
758.00
332.00
759.00
331.00
759.00
331.00
760.00
330.00
760.00
328.00
761.00
327.00
761.00
327.00
761.00
326.00
762.00
325.00
762.00
325.00
762.00
325.00
762.00
325.00
762.00
325.00
762.00
325.00
762.00
325.00
762.00
325.00
762.00
325.00
762.00
325.00
762.00
325.00
762.00
325.00
762.00
325.00
762.00
325.00
762.00
325.00
762.00
325.00
762.00
325.00
762.00
325.00
762.00
325.00
762.00
325.00
762.00
325.00
762.00
325.00
761.00
325.00
759.00
327.00
758.00
328.00
757.00
328.00
757.00
329.00
755.00
330.00
755.00
330.00
755.00
330.00
754.00
330.00
754.00
330.00
753.00
330.00
753.00
330.00
752.00
331.00
751.00
331.00
750.00
332.00
749.00
332.00
749.00
332.00
748.00
332.00
748.00
332.00
748.00
333.00
748.00
333.00
748.00
333.00
748.00
333.00
748.00
333.00
748.00
333.00
748.00
333.00
748.00
333.00
748.00
333.00
748.00
333.00
748.00
333.00
748.00
333.00
748.00
333.00
748.00
333.00
748.00
333.00
747.00
335.00
745.00
339.00
744.00
342.00
743.00
343.00
741.00
347.00
741.00
348.00
741.00
349.00
741.00
349.00
741.00
349.00
741.00
349.00
741.00
349.00
741.00
349.00
741.00
349.00
741.00
349.00
741.00
349.00
741.00
349.00
741.00
349.00
741.00
349.00
741.00
349.00
741.00
349.00
741.00
349.00
741.00
349.00
741.00
349.00
741.00
349.00
741.00
349.00
741.00
349.00
741.00
349.00
741.00
349.00
741.00
349.00
741.00
349.00
741.00
349.00
741.00
348.00
742.00
348.00
743.00
348.00
743.00
348.00
743.00
348.00
743.00
348.00
743.00
348.00
743.00
348.00
743.00
348.00
743.00
348.00
743.00
348.00
743.00
348.00
744.00
348.00
744.00
348.00
744.00
348.00
744.00
348.00
744.00
348.00
744.00
348.00
744.00
348.00
745.00
348.00
747.00
347.00
747.00
346.00
749.00
345.00
750.00
345.00
750.00
345.00
750.00
345.00
750.00
345.00
750.00
345.00
750.00
345.00
750.00
345.00
750.00
345.00
750.00
345.00
750.00
345.00
750.00
346.00
750.00
348.00
750.00
349.00
750.00
349.00
750.00
349.00
750.00
349.00
750.00
349.00
750.00
349.00
751.00
349.00
751.00
348.00
751.00
348.00
751.00
348.00
751.00
348.00
751.00
348.00
751.00
348.00
751.00
348.00
751.00
348.00
751.00
348.00
751.00
348.00
751.00
348.00
751.00
348.00
751.00
348.00
751.00
348.00
751.00
348.00
751.00
348.00
751.00
348.00
751.00
348.00
747.00
346.00
741.00
344.00
734.00
342.00
20.00
15.00
20.00
15.00
20.00
15.00
20.00
15.00
20.00
15.00
20.00
15.00
20.00
15.00
20.00
15.00
20.00
15.00
20.00
15.00
20.00
15.00
20.00
15.00
20.00
15.00
20.00
15.00
20.00
15.00
20.00
15.00
20.00
15.00
20.00
15.00
20.00
15.00
20.00
15.00
20.00
15.00
20.00
15.00
20.00
15.00
20.00
